1	1	1.000000
1	2	0.899758
1	3	0.489938
1	4	0.545575
1	5	0.482857
1	6	0.761475
1	7	0.687785
1	8	0.436433
1	9	0.860254
1	10	0.838308
1	11	0.46478
1	12	0.611598
1	13	0.33665
1	14	0.520304
1	15	0.863807
1	16	0.854986
1	17	0.54444
1	18	0.378121
1	19	0.514374
1	20	0.393102
1	21	0.359005
1	22	0.502669
1	23	0.58891
1	24	0.539793
1	25	0.414996
1	26	0.489088
1	27	0.592009
1	28	0.637686
1	29	0.439384
1	30	0.554132
1	31	0.415775
1	32	0.421213
1	33	0.315223
1	34	0.485805
1	35	0.418446
1	36	0.574613
1	37	0.154135
1	38	0.534371
1	39	0.633736
1	40	-0.0612817
1	41	0.225477
1	42	0.447807
1	43	0.621944
1	44	0.283914
1	45	0.3976
1	46	0.452255
1	47	0.584292
1	48	0.421272
1	49	0.46974
1	50	0.561789
1	51	0.500066
1	52	0.466552
1	53	0.628293
1	54	0.338749
1	55	0.211089
1	56	0.491993
1	57	0.334995
1	58	0.337735
1	59	0.55985
1	60	0.263636
1	61	0.421153
1	62	0.454298
1	63	0.487558
1	64	0.532997
1	65	0.282879
1	66	0.45271
1	67	0.511006
1	68	0.45211
1	69	0.556779
1	70	0.332431
1	71	0.418152
1	72	0.27755
1	73	0.409681
1	74	0.453334
1	75	0.398192
1	76	0.461513
1	77	0.459477
1	78	0.475531
1	79	-0.0362107
1	80	0.563706
1	81	0.500588
1	82	0.463981
1	83	0.358542
1	84	0.351155
1	85	0.489662
1	86	0.231837
1	87	0.579277
1	88	0.431423
1	89	0.313307
1	90	0.458471
1	91	0.334503
1	92	0.277635
1	93	0.293176
1	94	0.44741
1	95	0.39505
1	96	0.385385
1	97	0.481483
1	98	0.442402
1	99	0.372146
2	1	0.899758
2	2	1.000000
2	3	0.458402
2	4	0.51667
2	5	0.464465
2	6	0.740219
2	7	0.654345
2	8	0.426071
2	9	0.874906
2	10	0.841804
2	11	0.498229
2	12	0.622385
2	13	0.365871
2	14	0.525747
2	15	0.869573
2	16	0.864191
2	17	0.52674
2	18	0.395174
2	19	0.510876
2	20	0.406291
2	21	0.348715
2	22	0.494819
2	23	0.571262
2	24	0.554666
2	25	0.407779
2	26	0.507752
2	27	0.605679
2	28	0.628086
2	29	0.473254
2	30	0.555714
2	31	0.399688
2	32	0.456628
2	33	0.276859
2	34	0.484698
2	35	0.424534
2	36	0.576034
2	37	0.16279
2	38	0.565839
2	39	0.620202
2	40	-0.0626084
2	41	0.277126
2	42	0.432109
2	43	0.611486
2	44	0.274026
2	45	0.425016
2	46	0.472836
2	47	0.567411
2	48	0.428895
2	49	0.493178
2	50	0.564587
2	51	0.505569
2	52	0.461979
2	53	0.62482
2	54	0.326484
2	55	0.216052
2	56	0.512879
2	57	0.358047
2	58	0.333201
2	59	0.555584
2	60	0.277223
2	61	0.405557
2	62	0.467347
2	63	0.489354
2	64	0.534776
2	65	0.289373
2	66	0.466404
2	67	0.531155
2	68	0.459297
2	69	0.556551
2	70	0.30039
2	71	0.410287
2	72	0.274385
2	73	0.388785
2	74	0.449167
2	75	0.442768
2	76	0.48595
2	77	0.476762
2	78	0.463964
2	79	-0.030361
2	80	0.58468
2	81	0.497062
2	82	0.454887
2	83	0.382909
2	84	0.361124
2	85	0.492421
2	86	0.215768
2	87	0.59265
2	88	0.428826
2	89	0.32211
2	90	0.44717
2	91	0.349138
2	92	0.282657
2	93	0.267176
2	94	0.436597
2	95	0.37541
2	96	0.379998
2	97	0.501794
2	98	0.44858
2	99	0.350831
3	1	0.489938
3	2	0.458402
3	3	1.000000
3	4	0.438175
3	5	0.323742
3	6	0.503954
3	7	0.496038
3	8	0.332083
3	9	0.470297
3	10	0.461146
3	11	0.266641
3	12	0.410098
3	13	0.377462
3	14	0.399206
3	15	0.491875
3	16	0.466642
3	17	0.427788
3	18	0.359671
3	19	0.416372
3	20	0.37362
3	21	0.39757
3	22	0.436667
3	23	0.468755
3	24	0.365687
3	25	0.337096
3	26	0.334664
3	27	0.418834
3	28	0.401686
3	29	0.383605
3	30	0.395227
3	31	0.343312
3	32	0.28707
3	33	0.220887
3	34	0.34177
3	35	0.299659
3	36	0.392575
3	37	0.151093
3	38	0.342051
3	39	0.478869
3	40	-0.042934
3	41	0.175001
3	42	0.316971
3	43	0.465814
3	44	0.144287
3	45	0.294787
3	46	0.25781
3	47	0.334627
3	48	0.317993
3	49	0.352955
3	50	0.400672
3	51	0.352533
3	52	0.341461
3	53	0.406784
3	54	0.202969
3	55	0.132411
3	56	0.377712
3	57	0.234329
3	58	0.236178
3	59	0.400723
3	60	0.193888
3	61	0.2889
3	62	0.348582
3	63	0.300022
3	64	0.361768
3	65	0.239829
3	66	0.309395
3	67	0.353128
3	68	0.343609
3	69	0.36705
3	70	0.237082
3	71	0.315432
3	72	0.152803
3	73	0.268771
3	74	0.27441
3	75	0.233875
3	76	0.324317
3	77	0.338639
3	78	0.347004
3	79	-0.0206135
3	80	0.420875
3	81	0.335863
3	82	0.351535
3	83	0.289274
3	84	0.230533
3	85	0.335208
3	86	0.140931
3	87	0.35828
3	88	0.361558
3	89	0.21967
3	90	0.282273
3	91	0.253201
3	92	0.195289
3	93	0.216806
3	94	0.33993
3	95	0.251353
3	96	0.289944
3	97	0.317831
3	98	0.378234
3	99	0.252168
4	1	0.545575
4	2	0.51667
4	3	0.438175
4	4	1.000000
4	5	0.357132
4	6	0.566504
4	7	0.5693
4	8	0.326817
4	9	0.517662
4	10	0.516075
4	11	0.335652
4	12	0.437688
4	13	0.321242
4	14	0.428343
4	15	0.526161
4	16	0.519965
4	17	0.45352
4	18	0.302868
4	19	0.430806
4	20	0.355196
4	21	0.351429
4	22	0.468246
4	23	0.440592
4	24	0.405968
4	25	0.33058
4	26	0.369911
4	27	0.436067
4	28	0.434591
4	29	0.38314
4	30	0.450022
4	31	0.333441
4	32	0.410661
4	33	0.278199
4	34	0.354372
4	35	0.343064
4	36	0.402456
4	37	0.112501
4	38	0.359886
4	39	0.449183
4	40	-0.0555899
4	41	0.165102
4	42	0.332096
4	43	0.41488
4	44	0.231173
4	45	0.302448
4	46	0.315482
4	47	0.361778
4	48	0.340416
4	49	0.3594
4	50	0.418237
4	51	0.379978
4	52	0.361355
4	53	0.401333
4	54	0.257853
4	55	0.123835
4	56	0.343835
4	57	0.237128
4	58	0.292316
4	59	0.436018
4	60	0.189979
4	61	0.296564
4	62	0.314046
4	63	0.343023
4	64	0.410535
4	65	0.228247
4	66	0.340681
4	67	0.347998
4	68	0.336558
4	69	0.445783
4	70	0.287547
4	71	0.309391
4	72	0.222531
4	73	0.305381
4	74	0.311265
4	75	0.248879
4	76	0.340116
4	77	0.341454
4	78	0.345213
4	79	0.0196873
4	80	0.458521
4	81	0.361954
4	82	0.382507
4	83	0.308257
4	84	0.248262
4	85	0.368986
4	86	0.179123
4	87	0.415447
4	88	0.334121
4	89	0.226017
4	90	0.340794
4	91	0.252362
4	92	0.221506
4	93	0.262538
4	94	0.325998
4	95	0.224503
4	96	0.263947
4	97	0.385585
4	98	0.343566
4	99	0.292067
5	1	0.482857
5	2	0.464465
5	3	0.323742
5	4	0.357132
5	5	1.000000
5	6	0.480664
5	7	0.442782
5	8	0.340874
5	9	0.497502
5	10	0.475606
5	11	0.325017
5	12	0.480445
5	13	0.297191
5	14	0.336562
5	15	0.499356
5	16	0.498624
5	17	0.471927
5	18	0.287295
5	19	0.327287
5	20	0.28264
5	21	0.296577
5	22	0.366255
5	23	0.421519
5	24	0.348978
5	25	0.345972
5	26	0.321637
5	27	0.406616
5	28	0.382977
5	29	0.32811
5	30	0.411246
5	31	0.342579
5	32	0.349586
5	33	0.200528
5	34	0.295862
5	35	0.298945
5	36	0.369724
5	37	0.11238
5	38	0.387058
5	39	0.440665
5	40	-0.0420238
5	41	0.235504
5	42	0.306895
5	43	0.401262
5	44	0.21581
5	45	0.300075
5	46	0.257548
5	47	0.391516
5	48	0.271833
5	49	0.298237
5	50	0.360042
5	51	0.330919
5	52	0.347171
5	53	0.378811
5	54	0.208655
5	55	0.136403
5	56	0.379546
5	57	0.270716
5	58	0.267762
5	59	0.384252
5	60	0.171143
5	61	0.287657
5	62	0.345289
5	63	0.300739
5	64	0.343164
5	65	0.21804
5	66	0.330798
5	67	0.364355
5	68	0.337815
5	69	0.386599
5	70	0.245679
5	71	0.347875
5	72	0.163687
5	73	0.2514
5	74	0.307638
5	75	0.262019
5	76	0.321398
5	77	0.375046
5	78	0.33431
5	79	-0.0335074
5	80	0.359995
5	81	0.379635
5	82	0.35729
5	83	0.218631
5	84	0.199181
5	85	0.304675
5	86	0.14951
5	87	0.386672
5	88	0.313225
5	89	0.272806
5	90	0.320613
5	91	0.239857
5	92	0.213137
5	93	0.237172
5	94	0.267704
5	95	0.24202
5	96	0.243779
5	97	0.345824
5	98	0.317155
5	99	0.256213
6	1	0.761475
6	2	0.740219
6	3	0.503954
6	4	0.566504
6	5	0.480664
6	6	1.000000
6	7	0.71176
6	8	0.420748
6	9	0.753086
6	10	0.72077
6	11	0.429703
6	12	0.60099
6	13	0.347783
6	14	0.529416
6	15	0.753639
6	16	0.737178
6	17	0.570805
6	18	0.398686
6	19	0.51593
6	20	0.432972
6	21	0.411178
6	22	0.52508
6	23	0.593682
6	24	0.529257
6	25	0.415985
6	26	0.453502
6	27	0.556885
6	28	0.567074
6	29	0.435418
6	30	0.557214
6	31	0.447316
6	32	0.450295
6	33	0.279141
6	34	0.437316
6	35	0.39341
6	36	0.525879
6	37	0.153839
6	38	0.494011
6	39	0.617196
6	40	-0.041352
6	41	0.234146
6	42	0.409008
6	43	0.592938
6	44	0.265925
6	45	0.384597
6	46	0.37075
6	47	0.510611
6	48	0.423419
6	49	0.444122
6	50	0.518707
6	51	0.470672
6	52	0.44741
6	53	0.566748
6	54	0.308825
6	55	0.168758
6	56	0.481085
6	57	0.286497
6	58	0.346763
6	59	0.499212
6	60	0.222086
6	61	0.391392
6	62	0.429324
6	63	0.402366
6	64	0.50848
6	65	0.286377
6	66	0.434602
6	67	0.480401
6	68	0.43011
6	69	0.534107
6	70	0.32574
6	71	0.378186
6	72	0.228283
6	73	0.381797
6	74	0.429656
6	75	0.363149
6	76	0.458368
6	77	0.431125
6	78	0.432008
6	79	-0.0180545
6	80	0.556755
6	81	0.467398
6	82	0.469618
6	83	0.367185
6	84	0.291264
6	85	0.437203
6	86	0.182888
6	87	0.544304
6	88	0.414661
6	89	0.287503
6	90	0.403304
6	91	0.295323
6	92	0.274461
6	93	0.293691
6	94	0.404004
6	95	0.361497
6	96	0.341714
6	97	0.476504
6	98	0.435838
6	99	0.363087
7	1	0.687785
7	2	0.654345
7	3	0.496038
7	4	0.5693
7	5	0.442782
7	6	0.71176
7	7	1.000000
7	8	0.433747
7	9	0.667979
7	10	0.664274
7	11	0.412144
7	12	0.566813
7	13	0.350248
7	14	0.54019
7	15	0.69081
7	16	0.667917
7	17	0.518046
7	18	0.399188
7	19	0.538837
7	20	0.415762
7	21	0.386042
7	22	0.55419
7	23	0.541708
7	24	0.472967
7	25	0.371442
7	26	0.470828
7	27	0.553125
7	28	0.562141
7	29	0.4389
7	30	0.523178
7	31	0.409416
7	32	0.469152
7	33	0.330861
7	34	0.462857
7	35	0.370265
7	36	0.517064
7	37	0.110902
7	38	0.494896
7	39	0.582448
7	40	0.0251849
7	41	0.232459
7	42	0.441404
7	43	0.541529
7	44	0.221226
7	45	0.391353
7	46	0.355161
7	47	0.495041
7	48	0.415208
7	49	0.437255
7	50	0.501737
7	51	0.449031
7	52	0.416559
7	53	0.523714
7	54	0.288516
7	55	0.194397
7	56	0.452211
7	57	0.313329
7	58	0.29774
7	59	0.513877
7	60	0.25413
7	61	0.404811
7	62	0.449432
7	63	0.402656
7	64	0.471086
7	65	0.330359
7	66	0.420493
7	67	0.481794
7	68	0.427692
7	69	0.503782
7	70	0.360275
7	71	0.371934
7	72	0.228438
7	73	0.356043
7	74	0.416365
7	75	0.347414
7	76	0.426944
7	77	0.442199
7	78	0.418375
7	79	0.000469818
7	80	0.507896
7	81	0.403763
7	82	0.477812
7	83	0.366838
7	84	0.285293
7	85	0.40222
7	86	0.253159
7	87	0.515994
7	88	0.418018
7	89	0.30455
7	90	0.396457
7	91	0.297245
7	92	0.254151
7	93	0.341264
7	94	0.399332
7	95	0.323523
7	96	0.365904
7	97	0.460608
7	98	0.422974
7	99	0.340279
8	1	0.436433
8	2	0.426071
8	3	0.332083
8	4	0.326817
8	5	0.340874
8	6	0.420748
8	7	0.433747
8	8	1.000000
8	9	0.451572
8	10	0.449412
8	11	0.361719
8	12	0.427825
8	13	0.25916
8	14	0.366601
8	15	0.444453
8	16	0.445612
8	17	0.352472
8	18	0.285403
8	19	0.375372
8	20	0.307727
8	21	0.342732
8	22	0.339825
8	23	0.398785
8	24	0.401937
8	25	0.326167
8	26	0.321654
8	27	0.392785
8	28	0.505179
8	29	0.309853
8	30	0.337901
8	31	0.300888
8	32	0.318246
8	33	0.243523
8	34	0.301281
8	35	0.29438
8	36	0.344954
8	37	0.0962839
8	38	0.341901
8	39	0.39063
8	40	-0.0483082
8	41	0.229215
8	42	0.317388
8	43	0.406608
8	44	0.116238
8	45	0.275461
8	46	0.24329
8	47	0.361813
8	48	0.290872
8	49	0.29691
8	50	0.36518
8	51	0.352389
8	52	0.328097
8	53	0.384382
8	54	0.212233
8	55	0.148522
8	56	0.304598
8	57	0.28402
8	58	0.264692
8	59	0.291184
8	60	0.126577
8	61	0.257105
8	62	0.351308
8	63	0.291946
8	64	0.352724
8	65	0.247768
8	66	0.279168
8	67	0.361291
8	68	0.259603
8	69	0.354418
8	70	0.268744
8	71	0.286374
8	72	0.151837
8	73	0.251601
8	74	0.287601
8	75	0.254188
8	76	0.284937
8	77	0.33951
8	78	0.315902
8	79	-0.0522398
8	80	0.381886
8	81	0.317436
8	82	0.324071
8	83	0.293659
8	84	0.240771
8	85	0.306746
8	86	0.10893
8	87	0.313967
8	88	0.317592
8	89	0.214065
8	90	0.321169
8	91	0.268116
8	92	0.236294
8	93	0.235292
8	94	0.307273
8	95	0.260469
8	96	0.249245
8	97	0.34533
8	98	0.308679
8	99	0.259985
9	1	0.860254
9	2	0.874906
9	3	0.470297
9	4	0.517662
9	5	0.497502
9	6	0.753086
9	7	0.667979
9	8	0.451572
9	9	1.000000
9	10	0.847464
9	11	0.513785
9	12	0.627385
9	13	0.347083
9	14	0.530111
9	15	0.861304
9	16	0.857201
9	17	0.552251
9	18	0.420709
9	19	0.496606
9	20	0.442391
9	21	0.374504
9	22	0.52221
9	23	0.589778
9	24	0.545196
9	25	0.427443
9	26	0.521563
9	27	0.61788
9	28	0.655659
9	29	0.465619
9	30	0.585487
9	31	0.439697
9	32	0.451654
9	33	0.298401
9	34	0.518164
9	35	0.452827
9	36	0.602192
9	37	0.140756
9	38	0.530065
9	39	0.645219
9	40	-0.0747954
9	41	0.273803
9	42	0.464789
9	43	0.613886
9	44	0.289986
9	45	0.41907
9	46	0.481586
9	47	0.577544
9	48	0.461367
9	49	0.530895
9	50	0.569832
9	51	0.518202
9	52	0.493571
9	53	0.638848
9	54	0.34648
9	55	0.23963
9	56	0.514758
9	57	0.357052
9	58	0.340515
9	59	0.559177
9	60	0.287408
9	61	0.427623
9	62	0.486292
9	63	0.510783
9	64	0.555087
9	65	0.297087
9	66	0.478258
9	67	0.548285
9	68	0.485824
9	69	0.576565
9	70	0.338056
9	71	0.44572
9	72	0.290209
9	73	0.390809
9	74	0.475677
9	75	0.452443
9	76	0.494979
9	77	0.485129
9	78	0.460421
9	79	-0.0140029
9	80	0.588457
9	81	0.549089
9	82	0.495989
9	83	0.403419
9	84	0.37274
9	85	0.51815
9	86	0.237301
9	87	0.597114
9	88	0.43554
9	89	0.326754
9	90	0.468975
9	91	0.347715
9	92	0.295305
9	93	0.299547
9	94	0.457661
9	95	0.395424
9	96	0.411074
9	97	0.519781
9	98	0.429812
9	99	0.390879
10	1	0.838308
10	2	0.841804
10	3	0.461146
10	4	0.516075
10	5	0.475606
10	6	0.72077
10	7	0.664274
10	8	0.449412
10	9	0.847464
10	10	1.000000
10	11	0.554128
10	12	0.622383
10	13	0.310891
10	14	0.509406
10	15	0.84834
10	16	0.881101
10	17	0.515501
10	18	0.40699
10	19	0.495547
10	20	0.436864
10	21	0.384703
10	22	0.496601
10	23	0.578408
10	24	0.580647
10	25	0.42886
10	26	0.510824
10	27	0.618844
10	28	0.66667
10	29	0.444735
10	30	0.567864
10	31	0.412519
10	32	0.446083
10	33	0.298342
10	34	0.486101
10	35	0.444119
10	36	0.608848
10	37	0.151192
10	38	0.54481
10	39	0.639313
10	40	-0.0221454
10	41	0.27836
10	42	0.459665
10	43	0.639237
10	44	0.229337
10	45	0.430012
10	46	0.485943
10	47	0.570492
10	48	0.473774
10	49	0.503457
10	50	0.565372
10	51	0.510959
10	52	0.500312
10	53	0.6356
10	54	0.35312
10	55	0.224338
10	56	0.520386
10	57	0.358182
10	58	0.331504
10	59	0.579595
10	60	0.285147
10	61	0.431763
10	62	0.482842
10	63	0.514999
10	64	0.54009
10	65	0.31406
10	66	0.479038
10	67	0.543724
10	68	0.469143
10	69	0.587781
10	70	0.334287
10	71	0.445159
10	72	0.296076
10	73	0.422204
10	74	0.496613
10	75	0.444369
10	76	0.491585
10	77	0.498485
10	78	0.465183
10	79	0.0162596
10	80	0.573689
10	81	0.548934
10	82	0.490112
10	83	0.395961
10	84	0.380894
10	85	0.508222
10	86	0.257938
10	87	0.601816
10	88	0.459657
10	89	0.346452
10	90	0.468736
10	91	0.372732
10	92	0.30113
10	93	0.28495
10	94	0.427306
10	95	0.386573
10	96	0.417866
10	97	0.501157
10	98	0.452945
10	99	0.396208
11	1	0.46478
11	2	0.498229
11	3	0.266641
11	4	0.335652
11	5	0.325017
11	6	0.429703
11	7	0.412144
11	8	0.361719
11	9	0.513785
11	10	0.554128
11	11	1.000000
11	12	0.469692
11	13	0.226142
11	14	0.292116
11	15	0.47545
11	16	0.535733
11	17	0.391862
11	18	0.256802
11	19	0.304762
11	20	0.330347
11	21	0.207417
11	22	0.330992
11	23	0.364236
11	24	0.385013
11	25	0.223556
11	26	0.294212
11	27	0.344325
11	28	0.436769
11	29	0.275764
11	30	0.366274
11	31	0.242679
11	32	0.31335
11	33	0.167971
11	34	0.267734
11	35	0.310602
11	36	0.438811
11	37	0.041247
11	38	0.317998
11	39	0.372359
11	40	-0.0232287
11	41	0.234746
11	42	0.309627
11	43	0.418137
11	44	0.102131
11	45	0.273646
11	46	0.371133
11	47	0.447748
11	48	0.331558
11	49	0.385267
11	50	0.387393
11	51	0.378125
11	52	0.371908
11	53	0.385113
11	54	0.242374
11	55	0.160806
11	56	0.362424
11	57	0.280106
11	58	0.223586
11	59	0.382566
11	60	0.185772
11	61	0.30346
11	62	0.319335
11	63	0.317075
11	64	0.419938
11	65	0.224533
11	66	0.361625
11	67	0.395635
11	68	0.32486
11	69	0.434357
11	70	0.206667
11	71	0.301141
11	72	0.194934
11	73	0.25318
11	74	0.307009
11	75	0.319784
11	76	0.354047
11	77	0.379403
11	78	0.312769
11	79	-0.00178337
11	80	0.39781
11	81	0.413558
11	82	0.301198
11	83	0.239533
11	84	0.297533
11	85	0.357758
11	86	0.183625
11	87	0.36819
11	88	0.316033
11	89	0.203092
11	90	0.313229
11	91	0.248944
11	92	0.21262
11	93	0.1724
11	94	0.240006
11	95	0.270199
11	96	0.300759
11	97	0.325782
11	98	0.311873
11	99	0.264637
12	1	0.611598
12	2	0.622385
12	3	0.410098
12	4	0.437688
12	5	0.480445
12	6	0.60099
12	7	0.566813
12	8	0.427825
12	9	0.627385
12	10	0.622383
12	11	0.469692
12	12	1.000000
12	13	0.347809
12	14	0.447719
12	15	0.616368
12	16	0.637406
12	17	0.503507
12	18	0.429358
12	19	0.464584
12	20	0.400016
12	21	0.367947
12	22	0.459605
12	23	0.552808
12	24	0.490136
12	25	0.385862
12	26	0.513545
12	27	0.534604
12	28	0.572558
12	29	0.439762
12	30	0.552904
12	31	0.423168
12	32	0.460379
12	33	0.238984
12	34	0.463998
12	35	0.439261
12	36	0.520002
12	37	0.178529
12	38	0.525887
12	39	0.568067
12	40	-0.0157983
12	41	0.289501
12	42	0.395732
12	43	0.578927
12	44	0.242454
12	45	0.441233
12	46	0.396482
12	47	0.505056
12	48	0.456748
12	49	0.425087
12	50	0.526566
12	51	0.503372
12	52	0.446045
12	53	0.521281
12	54	0.30113
12	55	0.233595
12	56	0.451663
12	57	0.3816
12	58	0.297846
12	59	0.50132
12	60	0.250707
12	61	0.3927
12	62	0.498761
12	63	0.432892
12	64	0.494432
12	65	0.316845
12	66	0.428312
12	67	0.510444
12	68	0.484396
12	69	0.560445
12	70	0.291999
12	71	0.437108
12	72	0.312992
12	73	0.407285
12	74	0.415198
12	75	0.369753
12	76	0.458076
12	77	0.492499
12	78	0.462238
12	79	-0.0548754
12	80	0.543568
12	81	0.458674
12	82	0.490397
12	83	0.371245
12	84	0.307893
12	85	0.440199
12	86	0.210639
12	87	0.510269
12	88	0.440284
12	89	0.329335
12	90	0.415635
12	91	0.310935
12	92	0.308037
12	93	0.263523
12	94	0.437364
12	95	0.375569
12	96	0.363223
12	97	0.499261
12	98	0.473409
12	99	0.388539
13	1	0.33665
13	2	0.365871
13	3	0.377462
13	4	0.321242
13	5	0.297191
13	6	0.347783
13	7	0.350248
13	8	0.25916
13	9	0.347083
13	10	0.310891
13	11	0.226142
13	12	0.347809
13	13	1.000000
13	14	0.31442
13	15	0.344598
13	16	0.333639
13	17	0.334525
13	18	0.258201
13	19	0.281023
13	20	0.350066
13	21	0.238208
13	22	0.315925
13	23	0.321005
13	24	0.303881
13	25	0.289118
13	26	0.267607
13	27	0.303098
13	28	0.272725
13	29	0.308117
13	30	0.338749
13	31	0.249062
13	32	0.290254
13	33	0.132521
13	34	0.28327
13	35	0.230133
13	36	0.282583
13	37	0.139163
13	38	0.277162
13	39	0.359561
13	40	0.00627912
13	41	0.162427
13	42	0.288159
13	43	0.334251
13	44	0.173894
13	45	0.230168
13	46	0.232288
13	47	0.287365
13	48	0.236393
13	49	0.271167
13	50	0.283355
13	51	0.272573
13	52	0.262213
13	53	0.311466
13	54	0.140077
13	55	0.0950347
13	56	0.317262
13	57	0.232708
13	58	0.190788
13	59	0.307364
13	60	0.117759
13	61	0.233832
13	62	0.238496
13	63	0.216258
13	64	0.279614
13	65	0.114526
13	66	0.254816
13	67	0.296793
13	68	0.250934
13	69	0.34114
13	70	0.163416
13	71	0.19837
13	72	0.130656
13	73	0.221634
13	74	0.239897
13	75	0.193046
13	76	0.256341
13	77	0.270548
13	78	0.27316
13	79	0.0361204
13	80	0.325801
13	81	0.280276
13	82	0.271474
13	83	0.204195
13	84	0.16269
13	85	0.259574
13	86	-0.0115816
13	87	0.267023
13	88	0.273725
13	89	0.186732
13	90	0.251264
13	91	0.179747
13	92	0.201088
13	93	0.192079
13	94	0.243382
13	95	0.206996
13	96	0.22022
13	97	0.293307
13	98	0.286794
13	99	0.166239
14	1	0.520304
14	2	0.525747
14	3	0.399206
14	4	0.428343
14	5	0.336562
14	6	0.529416
14	7	0.54019
14	8	0.366601
14	9	0.530111
14	10	0.509406
14	11	0.292116
14	12	0.447719
14	13	0.31442
14	14	1.000000
14	15	0.555835
14	16	0.540389
14	17	0.440319
14	18	0.338166
14	19	0.495597
14	20	0.379926
14	21	0.342361
14	22	0.516187
14	23	0.453296
14	24	0.395619
14	25	0.387595
14	26	0.372744
14	27	0.430939
14	28	0.443571
14	29	0.373064
14	30	0.400768
14	31	0.354838
14	32	0.324001
14	33	0.250463
14	34	0.391963
14	35	0.326961
14	36	0.435269
14	37	0.125646
14	38	0.442668
14	39	0.426496
14	40	0.00647771
14	41	0.232245
14	42	0.319975
14	43	0.440826
14	44	0.162809
14	45	0.337074
14	46	0.278796
14	47	0.376829
14	48	0.263928
14	49	0.352742
14	50	0.397149
14	51	0.327247
14	52	0.34922
14	53	0.407867
14	54	0.291317
14	55	0.117628
14	56	0.384673
14	57	0.211229
14	58	0.243806
14	59	0.364891
14	60	0.216024
14	61	0.332104
14	62	0.338132
14	63	0.315529
14	64	0.378926
14	65	0.243975
14	66	0.340335
14	67	0.394561
14	68	0.342317
14	69	0.444809
14	70	0.241043
14	71	0.31231
14	72	0.174536
14	73	0.283073
14	74	0.306372
14	75	0.248409
14	76	0.343214
14	77	0.375286
14	78	0.309113
14	79	0.0486888
14	80	0.430585
14	81	0.345952
14	82	0.341121
14	83	0.292472
14	84	0.214723
14	85	0.333762
14	86	0.149975
14	87	0.42136
14	88	0.347417
14	89	0.262573
14	90	0.307861
14	91	0.249219
14	92	0.212565
14	93	0.209495
14	94	0.30841
14	95	0.237825
14	96	0.258148
14	97	0.376327
14	98	0.299738
14	99	0.24584
15	1	0.863807
15	2	0.869573
15	3	0.491875
15	4	0.526161
15	5	0.499356
15	6	0.753639
15	7	0.69081
15	8	0.444453
15	9	0.861304
15	10	0.84834
15	11	0.47545
15	12	0.616368
15	13	0.344598
15	14	0.555835
15	15	1.000000
15	16	0.883695
15	17	0.535187
15	18	0.423093
15	19	0.512619
15	20	0.440971
15	21	0.373236
15	22	0.529161
15	23	0.596154
15	24	0.562515
15	25	0.412719
15	26	0.527557
15	27	0.63534
15	28	0.636886
15	29	0.485416
15	30	0.576528
15	31	0.428003
15	32	0.449307
15	33	0.30006
15	34	0.520833
15	35	0.445254
15	36	0.593467
15	37	0.171014
15	38	0.542977
15	39	0.652657
15	40	-0.039187
15	41	0.277378
15	42	0.485212
15	43	0.64162
15	44	0.261579
15	45	0.403689
15	46	0.46194
15	47	0.579625
15	48	0.441553
15	49	0.529006
15	50	0.566607
15	51	0.518615
15	52	0.500392
15	53	0.631572
15	54	0.33519
15	55	0.226707
15	56	0.510191
15	57	0.346783
15	58	0.317016
15	59	0.54044
15	60	0.274417
15	61	0.427167
15	62	0.476727
15	63	0.508219
15	64	0.55647
15	65	0.287414
15	66	0.502508
15	67	0.528117
15	68	0.472708
15	69	0.574478
15	70	0.315697
15	71	0.420088
15	72	0.2785
15	73	0.406209
15	74	0.494064
15	75	0.446315
15	76	0.485812
15	77	0.479748
15	78	0.467192
15	79	-0.0282898
15	80	0.595224
15	81	0.524825
15	82	0.504911
15	83	0.410992
15	84	0.357179
15	85	0.498761
15	86	0.245745
15	87	0.604249
15	88	0.445457
15	89	0.338046
15	90	0.44585
15	91	0.34443
15	92	0.314503
15	93	0.295625
15	94	0.439893
15	95	0.37615
15	96	0.423703
15	97	0.512542
15	98	0.465556
15	99	0.396493
16	1	0.854986
16	2	0.864191
16	3	0.466642
16	4	0.519965
16	5	0.498624
16	6	0.737178
16	7	0.667917
16	8	0.445612
16	9	0.857201
16	10	0.881101
16	11	0.535733
16	12	0.637406
16	13	0.333639
16	14	0.540389
16	15	0.883695
16	16	1.000000
16	17	0.541021
16	18	0.416474
16	19	0.493796
16	20	0.42814
16	21	0.351775
16	22	0.516094
16	23	0.591828
16	24	0.568271
16	25	0.417083
16	26	0.507003
16	27	0.624633
16	28	0.651586
16	29	0.457899
16	30	0.576118
16	31	0.437791
16	32	0.455605
16	33	0.298492
16	34	0.542574
16	35	0.440415
16	36	0.621011
16	37	0.151163
16	38	0.547445
16	39	0.635593
16	40	-0.0209084
16	41	0.283721
16	42	0.481907
16	43	0.649919
16	44	0.27428
16	45	0.427703
16	46	0.483273
16	47	0.592024
16	48	0.47288
16	49	0.523761
16	50	0.575377
16	51	0.539201
16	52	0.521677
16	53	0.632999
16	54	0.357366
16	55	0.235384
16	56	0.551671
16	57	0.379961
16	58	0.359031
16	59	0.560949
16	60	0.268477
16	61	0.439289
16	62	0.493212
16	63	0.51467
16	64	0.547992
16	65	0.324856
16	66	0.505944
16	67	0.542704
16	68	0.480591
16	69	0.611852
16	70	0.336835
16	71	0.432391
16	72	0.292487
16	73	0.408501
16	74	0.495185
16	75	0.44114
16	76	0.493833
16	77	0.503639
16	78	0.476099
16	79	-0.00783103
16	80	0.608289
16	81	0.544942
16	82	0.499907
16	83	0.387825
16	84	0.38047
16	85	0.50735
16	86	0.236158
16	87	0.595997
16	88	0.459777
16	89	0.331537
16	90	0.46596
16	91	0.366082
16	92	0.322355
16	93	0.302882
16	94	0.432193
16	95	0.386567
16	96	0.412327
16	97	0.504968
16	98	0.475752
16	99	0.382828
17	1	0.54444
17	2	0.52674
17	3	0.427788
17	4	0.45352
17	5	0.471927
17	6	0.570805
17	7	0.518046
17	8	0.352472
17	9	0.552251
17	10	0.515501
17	11	0.391862
17	12	0.503507
17	13	0.334525
17	14	0.440319
17	15	0.535187
17	16	0.541021
17	17	1.000000
17	18	0.308109
17	19	0.466374
17	20	0.388038
17	21	0.30872
17	22	0.426643
17	23	0.52302
17	24	0.425306
17	25	0.310618
17	26	0.392778
17	27	0.425629
17	28	0.44288
17	29	0.324778
17	30	0.495505
17	31	0.377939
17	32	0.359964
17	33	0.235081
17	34	0.357535
17	35	0.308034
17	36	0.432439
17	37	0.106719
17	38	0.393621
17	39	0.496663
17	40	-0.0113725
17	41	0.235533
17	42	0.303824
17	43	0.496109
17	44	0.197802
17	45	0.335528
17	46	0.318628
17	47	0.440187
17	48	0.348687
17	49	0.362741
17	50	0.394362
17	51	0.358788
17	52	0.377753
17	53	0.450099
17	54	0.254243
17	55	0.203476
17	56	0.417816
17	57	0.252972
17	58	0.275101
17	59	0.423131
17	60	0.18682
17	61	0.325562
17	62	0.370726
17	63	0.318648
17	64	0.405797
17	65	0.264743
17	66	0.386308
17	67	0.408563
17	68	0.375371
17	69	0.46055
17	70	0.293495
17	71	0.373
17	72	0.190633
17	73	0.290517
17	74	0.365955
17	75	0.277753
17	76	0.346186
17	77	0.386939
17	78	0.361155
17	79	0.00145386
17	80	0.437502
17	81	0.392992
17	82	0.35978
17	83	0.25272
17	84	0.24561
17	85	0.372084
17	86	0.172383
17	87	0.45635
17	88	0.317427
17	89	0.241454
17	90	0.326432
17	91	0.290338
17	92	0.220229
17	93	0.28008
17	94	0.338557
17	95	0.276749
17	96	0.290363
17	97	0.37726
17	98	0.375821
17	99	0.286295
18	1	0.378121
18	2	0.395174
18	3	0.359671
18	4	0.302868
18	5	0.287295
18	6	0.398686
18	7	0.399188
18	8	0.285403
18	9	0.420709
18	10	0.40699
18	11	0.256802
18	12	0.429358
18	13	0.258201
18	14	0.338166
18	15	0.423093
18	16	0.416474
18	17	0.308109
18	18	1.000000
18	19	0.411614
18	20	0.311633
18	21	0.296269
18	22	0.363404
18	23	0.400886
18	24	0.306374
18	25	0.293456
18	26	0.387758
18	27	0.344326
18	28	0.383297
18	29	0.394103
18	30	0.332348
18	31	0.366631
18	32	0.354389
18	33	0.161694
18	34	0.349758
18	35	0.310719
18	36	0.331805
18	37	0.120461
18	38	0.3483
18	39	0.400745
18	40	-0.0644225
18	41	0.197946
18	42	0.241144
18	43	0.361614
18	44	0.212099
18	45	0.301709
18	46	0.279943
18	47	0.350173
18	48	0.319291
18	49	0.278745
18	50	0.378499
18	51	0.29879
18	52	0.302721
18	53	0.367928
18	54	0.188808
18	55	0.0965571
18	56	0.297138
18	57	0.254817
18	58	0.235763
18	59	0.290552
18	60	0.175904
18	61	0.262085
18	62	0.416537
18	63	0.323436
18	64	0.344042
18	65	0.202345
18	66	0.268504
18	67	0.387186
18	68	0.338747
18	69	0.396982
18	70	0.184715
18	71	0.298955
18	72	0.193292
18	73	0.28332
18	74	0.279212
18	75	0.273102
18	76	0.329552
18	77	0.296729
18	78	0.335209
18	79	-0.0654208
18	80	0.363669
18	81	0.312904
18	82	0.316929
18	83	0.265776
18	84	0.216479
18	85	0.290337
18	86	0.12009
18	87	0.380911
18	88	0.313338
18	89	0.228359
18	90	0.277332
18	91	0.189151
18	92	0.20966
18	93	0.182236
18	94	0.310683
18	95	0.265363
18	96	0.240241
18	97	0.338683
18	98	0.348957
18	99	0.201398
19	1	0.514374
19	2	0.510876
19	3	0.416372
19	4	0.430806
19	5	0.327287
19	6	0.51593
19	7	0.538837
19	8	0.375372
19	9	0.496606
19	10	0.495547
19	11	0.304762
19	12	0.464584
19	13	0.281023
19	14	0.495597
19	15	0.512619
19	16	0.493796
19	17	0.466374
19	18	0.411614
19	19	1.000000
19	20	0.333413
19	21	0.348582
19	22	0.590115
19	23	0.499021
19	24	0.35841
19	25	0.315662
19	26	0.416488
19	27	0.488133
19	28	0.464625
19	29	0.354789
19	30	0.462949
19	31	0.374726
19	32	0.327004
19	33	0.241273
19	34	0.400528
19	35	0.352971
19	36	0.467082
19	37	0.10535
19	38	0.5332
19	39	0.488573
19	40	-0.00676177
19	41	0.218066
19	42	0.300619
19	43	0.456045
19	44	0.208421
19	45	0.314251
19	46	0.290675
19	47	0.408902
19	48	0.334221
19	49	0.339389
19	50	0.427988
19	51	0.353141
19	52	0.354276
19	53	0.465793
19	54	0.241316
19	55	0.170118
19	56	0.376749
19	57	0.240227
19	58	0.23241
19	59	0.38917
19	60	0.200079
19	61	0.305616
19	62	0.416303
19	63	0.356823
19	64	0.398553
19	65	0.24916
19	66	0.380033
19	67	0.407943
19	68	0.38738
19	69	0.410457
19	70	0.265666
19	71	0.307168
19	72	0.188734
19	73	0.33218
19	74	0.378527
19	75	0.296341
19	76	0.377558
19	77	0.341003
19	78	0.359822
19	79	0.00094026
19	80	0.442608
19	81	0.354497
19	82	0.323991
19	83	0.276855
19	84	0.227679
19	85	0.340242
19	86	0.185473
19	87	0.450716
19	88	0.347618
19	89	0.231343
19	90	0.305562
19	91	0.230457
19	92	0.205748
19	93	0.236589
19	94	0.353467
19	95	0.298513
19	96	0.272218
19	97	0.412657
19	98	0.357598
19	99	0.269566
20	1	0.393102
20	2	0.406291
20	3	0.37362
20	4	0.355196
20	5	0.28264
20	6	0.432972
20	7	0.415762
20	8	0.307727
20	9	0.442391
20	10	0.436864
20	11	0.330347
20	12	0.400016
20	13	0.350066
20	14	0.379926
20	15	0.440971
20	16	0.42814
20	17	0.388038
20	18	0.311633
20	19	0.333413
20	20	1.000000
20	21	0.252525
20	22	0.374122
20	23	0.33802
20	24	0.347282
20	25	0.275895
20	26	0.346269
20	27	0.351693
20	28	0.408799
20	29	0.285949
20	30	0.365597
20	31	0.239376
20	32	0.301258
20	33	0.201017
20	34	0.299228
20	35	0.302323
20	36	0.336735
20	37	0.0714241
20	38	0.308409
20	39	0.42443
20	40	0.0239562
20	41	0.16854
20	42	0.327488
20	43	0.386613
20	44	0.172821
20	45	0.253657
20	46	0.253985
20	47	0.309012
20	48	0.281257
20	49	0.341233
20	50	0.337183
20	51	0.318258
20	52	0.337458
20	53	0.363948
20	54	0.184231
20	55	0.130221
20	56	0.307358
20	57	0.26053
20	58	0.207059
20	59	0.339655
20	60	0.181274
20	61	0.278685
20	62	0.317572
20	63	0.283341
20	64	0.338667
20	65	0.175245
20	66	0.313721
20	67	0.354685
20	68	0.279322
20	69	0.413657
20	70	0.217072
20	71	0.257812
20	72	0.161505
20	73	0.270449
20	74	0.28704
20	75	0.238877
20	76	0.291681
20	77	0.315258
20	78	0.294683
20	79	-0.0241683
20	80	0.395752
20	81	0.365594
20	82	0.330435
20	83	0.27496
20	84	0.218699
20	85	0.335614
20	86	0.182966
20	87	0.355669
20	88	0.298924
20	89	0.20361
20	90	0.256248
20	91	0.20297
20	92	0.177935
20	93	0.179821
20	94	0.323052
20	95	0.246645
20	96	0.254186
20	97	0.37605
20	98	0.294037
20	99	0.207749
21	1	0.359005
21	2	0.348715
21	3	0.39757
21	4	0.351429
21	5	0.296577
21	6	0.411178
21	7	0.386042
21	8	0.342732
21	9	0.374504
21	10	0.384703
21	11	0.207417
21	12	0.367947
21	13	0.238208
21	14	0.342361
21	15	0.373236
21	16	0.351775
21	17	0.30872
21	18	0.296269
21	19	0.348582
21	20	0.252525
21	21	1.000000
21	22	0.3526
21	23	0.384976
21	24	0.325831
21	25	0.341167
21	26	0.295443
21	27	0.327469
21	28	0.344487
21	29	0.253122
21	30	0.315535
21	31	0.301499
21	32	0.253018
21	33	0.20968
21	34	0.30936
21	35	0.268914
21	36	0.321788
21	37	0.0906492
21	38	0.285737
21	39	0.359603
21	40	-0.059487
21	41	0.187902
21	42	0.299881
21	43	0.377053
21	44	0.146358
21	45	0.257357
21	46	0.246379
21	47	0.262232
21	48	0.310192
21	49	0.261406
21	50	0.286424
21	51	0.287408
21	52	0.238156
21	53	0.325666
21	54	0.199903
21	55	0.101396
21	56	0.226593
21	57	0.208523
21	58	0.19188
21	59	0.322512
21	60	0.138573
21	61	0.217755
21	62	0.334885
21	63	0.24544
21	64	0.285616
21	65	0.190535
21	66	0.2687
21	67	0.285987
21	68	0.280754
21	69	0.309842
21	70	0.22417
21	71	0.219999
21	72	0.178195
21	73	0.205157
21	74	0.193079
21	75	0.185767
21	76	0.283956
21	77	0.280016
21	78	0.266148
21	79	0.000956141
21	80	0.315349
21	81	0.256544
21	82	0.213949
21	83	0.260933
21	84	0.216807
21	85	0.28827
21	86	0.0931792
21	87	0.280568
21	88	0.273899
21	89	0.172802
21	90	0.271566
21	91	0.186329
21	92	0.121657
21	93	0.206405
21	94	0.256982
21	95	0.205462
21	96	0.20868
21	97	0.3305
21	98	0.282314
21	99	0.179594
22	1	0.502669
22	2	0.494819
22	3	0.436667
22	4	0.468246
22	5	0.366255
22	6	0.52508
22	7	0.55419
22	8	0.339825
22	9	0.52221
22	10	0.496601
22	11	0.330992
22	12	0.459605
22	13	0.315925
22	14	0.516187
22	15	0.529161
22	16	0.516094
22	17	0.426643
22	18	0.363404
22	19	0.590115
22	20	0.374122
22	21	0.3526
22	22	1.000000
22	23	0.495904
22	24	0.365163
22	25	0.324623
22	26	0.38171
22	27	0.443922
22	28	0.45649
22	29	0.404807
22	30	0.439835
22	31	0.412447
22	32	0.32392
22	33	0.202956
22	34	0.408554
22	35	0.347921
22	36	0.415289
22	37	0.138955
22	38	0.479183
22	39	0.492118
22	40	-0.00416448
22	41	0.19811
22	42	0.349503
22	43	0.470113
22	44	0.225799
22	45	0.331771
22	46	0.295025
22	47	0.408179
22	48	0.369962
22	49	0.388264
22	50	0.439571
22	51	0.345769
22	52	0.365919
22	53	0.442251
22	54	0.214114
22	55	0.136624
22	56	0.392658
22	57	0.221795
22	58	0.314439
22	59	0.370277
22	60	0.232727
22	61	0.32159
22	62	0.381882
22	63	0.347456
22	64	0.403915
22	65	0.223051
22	66	0.369016
22	67	0.381338
22	68	0.406557
22	69	0.414994
22	70	0.260241
22	71	0.308821
22	72	0.192039
22	73	0.32259
22	74	0.359521
22	75	0.283
22	76	0.369017
22	77	0.381853
22	78	0.371137
22	79	0.0383797
22	80	0.462751
22	81	0.38639
22	82	0.368724
22	83	0.284614
22	84	0.220678
22	85	0.365869
22	86	0.143972
22	87	0.465546
22	88	0.425318
22	89	0.259039
22	90	0.354279
22	91	0.242392
22	92	0.227727
22	93	0.238495
22	94	0.353308
22	95	0.275436
22	96	0.302824
22	97	0.441389
22	98	0.365767
22	99	0.226648
23	1	0.58891
23	2	0.571262
23	3	0.468755
23	4	0.440592
23	5	0.421519
23	6	0.593682
23	7	0.541708
23	8	0.398785
23	9	0.589778
23	10	0.578408
23	11	0.364236
23	12	0.552808
23	13	0.321005
23	14	0.453296
23	15	0.596154
23	16	0.591828
23	17	0.52302
23	18	0.400886
23	19	0.499021
23	20	0.33802
23	21	0.384976
23	22	0.495904
23	23	1.000000
23	24	0.495329
23	25	0.370683
23	26	0.423736
23	27	0.487716
23	28	0.51468
23	29	0.405668
23	30	0.472422
23	31	0.364209
23	32	0.413554
23	33	0.247306
23	34	0.440411
23	35	0.351706
23	36	0.469595
23	37	0.142571
23	38	0.454442
23	39	0.540824
23	40	0.00126541
23	41	0.1704
23	42	0.347158
23	43	0.623905
23	44	0.259183
23	45	0.396386
23	46	0.327856
23	47	0.440061
23	48	0.363165
23	49	0.429759
23	50	0.512124
23	51	0.414141
23	52	0.417891
23	53	0.501381
23	54	0.268497
23	55	0.181619
23	56	0.411747
23	57	0.269295
23	58	0.23394
23	59	0.461115
23	60	0.23129
23	61	0.365657
23	62	0.432436
23	63	0.366725
23	64	0.433969
23	65	0.279891
23	66	0.401583
23	67	0.457922
23	68	0.403417
23	69	0.483019
23	70	0.282959
23	71	0.350078
23	72	0.217201
23	73	0.335978
23	74	0.369525
23	75	0.298625
23	76	0.397318
23	77	0.430369
23	78	0.364171
23	79	0.0253986
23	80	0.574734
23	81	0.439243
23	82	0.411728
23	83	0.355258
23	84	0.273401
23	85	0.371221
23	86	0.166699
23	87	0.450172
23	88	0.372947
23	89	0.246744
23	90	0.358746
23	91	0.30451
23	92	0.286171
23	93	0.269096
23	94	0.371074
23	95	0.274365
23	96	0.335152
23	97	0.454382
23	98	0.423935
23	99	0.281387
24	1	0.539793
24	2	0.554666
24	3	0.365687
24	4	0.405968
24	5	0.348978
24	6	0.529257
24	7	0.472967
24	8	0.401937
24	9	0.545196
24	10	0.580647
24	11	0.385013
24	12	0.490136
24	13	0.303881
24	14	0.395619
24	15	0.562515
24	16	0.568271
24	17	0.425306
24	18	0.306374
24	19	0.35841
24	20	0.347282
24	21	0.325831
24	22	0.365163
24	23	0.495329
24	24	1.000000
24	25	0.332747
24	26	0.421983
24	27	0.456497
24	28	0.525682
24	29	0.382038
24	30	0.476537
24	31	0.330793
24	32	0.36128
24	33	0.18217
24	34	0.397435
24	35	0.336065
24	36	0.444226
24	37	0.169854
24	38	0.416978
24	39	0.514143
24	40	-0.0771455
24	41	0.198653
24	42	0.360697
24	43	0.537311
24	44	0.184674
24	45	0.365262
24	46	0.35983
24	47	0.43606
24	48	0.359478
24	49	0.39172
24	50	0.481687
24	51	0.424124
24	52	0.395546
24	53	0.486101
24	54	0.246399
24	55	0.1919
24	56	0.405756
24	57	0.275517
24	58	0.295747
24	59	0.413809
24	60	0.268049
24	61	0.390162
24	62	0.409466
24	63	0.331886
24	64	0.462494
24	65	0.247896
24	66	0.391641
24	67	0.399192
24	68	0.403402
24	69	0.48281
24	70	0.266787
24	71	0.365165
24	72	0.192117
24	73	0.322824
24	74	0.320206
24	75	0.301886
24	76	0.403807
24	77	0.443232
24	78	0.395952
24	79	-0.0521816
24	80	0.499191
24	81	0.39138
24	82	0.412905
24	83	0.360224
24	84	0.280068
24	85	0.349484
24	86	0.145189
24	87	0.453758
24	88	0.351299
24	89	0.238323
24	90	0.375937
24	91	0.258908
24	92	0.238063
24	93	0.237202
24	94	0.330868
24	95	0.270472
24	96	0.284972
24	97	0.423899
24	98	0.334496
24	99	0.300902
25	1	0.414996
25	2	0.407779
25	3	0.337096
25	4	0.33058
25	5	0.345972
25	6	0.415985
25	7	0.371442
25	8	0.326167
25	9	0.427443
25	10	0.42886
25	11	0.223556
25	12	0.385862
25	13	0.289118
25	14	0.387595
25	15	0.412719
25	16	0.417083
25	17	0.310618
25	18	0.293456
25	19	0.315662
25	20	0.275895
25	21	0.341167
25	22	0.324623
25	23	0.370683
25	24	0.332747
25	25	1.000000
25	26	0.32393
25	27	0.32825
25	28	0.352712
25	29	0.279341
25	30	0.336899
25	31	0.346911
25	32	0.257668
25	33	0.201931
25	34	0.269141
25	35	0.285144
25	36	0.292313
25	37	0.093263
25	38	0.33162
25	39	0.364136
25	40	-0.0400868
25	41	0.162987
25	42	0.276051
25	43	0.384598
25	44	0.213797
25	45	0.299689
25	46	0.193526
25	47	0.322646
25	48	0.274102
25	49	0.314349
25	50	0.328658
25	51	0.307721
25	52	0.240571
25	53	0.346086
25	54	0.227933
25	55	0.114845
25	56	0.311467
25	57	0.188205
25	58	0.269586
25	59	0.324989
25	60	0.128242
25	61	0.271185
25	62	0.357199
25	63	0.30015
25	64	0.319328
25	65	0.223829
25	66	0.297231
25	67	0.328996
25	68	0.295005
25	69	0.392116
25	70	0.242753
25	71	0.285905
25	72	0.154291
25	73	0.238224
25	74	0.256662
25	75	0.231113
25	76	0.321438
25	77	0.326067
25	78	0.312528
25	79	-0.0134664
25	80	0.379874
25	81	0.33276
25	82	0.317582
25	83	0.20004
25	84	0.18131
25	85	0.247053
25	86	0.0974018
25	87	0.339803
25	88	0.28133
25	89	0.224646
25	90	0.270809
25	91	0.200456
25	92	0.24753
25	93	0.238832
25	94	0.286893
25	95	0.168772
25	96	0.237974
25	97	0.303957
25	98	0.281451
25	99	0.18659
26	1	0.489088
26	2	0.507752
26	3	0.334664
26	4	0.369911
26	5	0.321637
26	6	0.453502
26	7	0.470828
26	8	0.321654
26	9	0.521563
26	10	0.510824
26	11	0.294212
26	12	0.513545
26	13	0.267607
26	14	0.372744
26	15	0.527557
26	16	0.507003
26	17	0.392778
26	18	0.387758
26	19	0.416488
26	20	0.346269
26	21	0.295443
26	22	0.38171
26	23	0.423736
26	24	0.421983
26	25	0.32393
26	26	1.000000
26	27	0.438903
26	28	0.508341
26	29	0.402169
26	30	0.444588
26	31	0.382935
26	32	0.411162
26	33	0.213974
26	34	0.522291
26	35	0.319294
26	36	0.453491
26	37	0.128293
26	38	0.46864
26	39	0.547629
26	40	-0.027776
26	41	0.228675
26	42	0.356582
26	43	0.505265
26	44	0.235709
26	45	0.365625
26	46	0.381435
26	47	0.490874
26	48	0.415459
26	49	0.408786
26	50	0.493623
26	51	0.439725
26	52	0.393563
26	53	0.456083
26	54	0.264586
26	55	0.185274
26	56	0.419362
26	57	0.359638
26	58	0.279432
26	59	0.439889
26	60	0.267765
26	61	0.323614
26	62	0.463969
26	63	0.426602
26	64	0.437053
26	65	0.279389
26	66	0.446905
26	67	0.441082
26	68	0.473131
26	69	0.46569
26	70	0.281102
26	71	0.352136
26	72	0.26064
26	73	0.31635
26	74	0.378243
26	75	0.345006
26	76	0.437924
26	77	0.383469
26	78	0.386328
26	79	-0.0231084
26	80	0.487118
26	81	0.423679
26	82	0.43084
26	83	0.347813
26	84	0.258086
26	85	0.414602
26	86	0.240328
26	87	0.517767
26	88	0.388981
26	89	0.312775
26	90	0.390659
26	91	0.294608
26	92	0.300185
26	93	0.260977
26	94	0.413097
26	95	0.305905
26	96	0.371988
26	97	0.457161
26	98	0.457144
26	99	0.370567
27	1	0.592009
27	2	0.605679
27	3	0.418834
27	4	0.436067
27	5	0.406616
27	6	0.556885
27	7	0.553125
27	8	0.392785
27	9	0.61788
27	10	0.618844
27	11	0.344325
27	12	0.534604
27	13	0.303098
27	14	0.430939
27	15	0.63534
27	16	0.624633
27	17	0.425629
27	18	0.344326
27	19	0.488133
27	20	0.351693
27	21	0.327469
27	22	0.443922
27	23	0.487716
27	24	0.456497
27	25	0.32825
27	26	0.438903
27	27	1.000000
27	28	0.544229
27	29	0.456263
27	30	0.519603
27	31	0.381146
27	32	0.421981
27	33	0.233963
27	34	0.478124
27	35	0.393583
27	36	0.544993
27	37	0.127388
27	38	0.483287
27	39	0.587077
27	40	-0.00864065
27	41	0.179819
27	42	0.463048
27	43	0.551965
27	44	0.197603
27	45	0.376674
27	46	0.393377
27	47	0.479479
27	48	0.406771
27	49	0.366768
27	50	0.492026
27	51	0.458238
27	52	0.412465
27	53	0.536523
27	54	0.308861
27	55	0.240728
27	56	0.416303
27	57	0.317769
27	58	0.314014
27	59	0.479476
27	60	0.2275
27	61	0.398497
27	62	0.383595
27	63	0.402674
27	64	0.462606
27	65	0.192656
27	66	0.367288
27	67	0.449261
27	68	0.370903
27	69	0.497093
27	70	0.281908
27	71	0.371155
27	72	0.190874
27	73	0.375407
27	74	0.404842
27	75	0.321241
27	76	0.423608
27	77	0.395957
27	78	0.387429
27	79	0.0432787
27	80	0.471323
27	81	0.416869
27	82	0.448865
27	83	0.36758
27	84	0.305681
27	85	0.42715
27	86	0.208354
27	87	0.483762
27	88	0.374474
27	89	0.329315
27	90	0.367594
27	91	0.29433
27	92	0.269185
27	93	0.25703
27	94	0.407121
27	95	0.344496
27	96	0.332195
27	97	0.46219
27	98	0.373997
27	99	0.304054
28	1	0.637686
28	2	0.628086
28	3	0.401686
28	4	0.434591
28	5	0.382977
28	6	0.567074
28	7	0.562141
28	8	0.505179
28	9	0.655659
28	10	0.66667
28	11	0.436769
28	12	0.572558
28	13	0.272725
28	14	0.443571
28	15	0.636886
28	16	0.651586
28	17	0.44288
28	18	0.383297
28	19	0.464625
28	20	0.408799
28	21	0.344487
28	22	0.45649
28	23	0.51468
28	24	0.525682
28	25	0.352712
28	26	0.508341
28	27	0.544229
28	28	1.000000
28	29	0.421971
28	30	0.529371
28	31	0.412495
28	32	0.418939
28	33	0.239425
28	34	0.440792
28	35	0.408841
28	36	0.53471
28	37	0.195207
28	38	0.485528
28	39	0.589224
28	40	-0.0665022
28	41	0.247581
28	42	0.436207
28	43	0.581152
28	44	0.228046
28	45	0.395031
28	46	0.460147
28	47	0.543052
28	48	0.45866
28	49	0.441424
28	50	0.544833
28	51	0.477976
28	52	0.455138
28	53	0.579722
28	54	0.294853
28	55	0.243925
28	56	0.463758
28	57	0.35351
28	58	0.352122
28	59	0.486319
28	60	0.262639
28	61	0.372918
28	62	0.495514
28	63	0.446301
28	64	0.527068
28	65	0.311097
28	66	0.42955
28	67	0.524741
28	68	0.438603
28	69	0.53006
28	70	0.313614
28	71	0.432579
28	72	0.238609
28	73	0.432916
28	74	0.474299
28	75	0.405456
28	76	0.484826
28	77	0.463867
28	78	0.46654
28	79	0.0111323
28	80	0.547305
28	81	0.469258
28	82	0.471955
